[start.jpg]
filters=autolight=1;enhance=1;autocolor=1;enhance=1;autolight=1;crop64=1,fabff0cc;
crop=rect64(fabff0cc)
moddate=566ba207283ad001
width=1024
height=640
text=2;136;10;TANK ARENA;AR DESTINE;0.056079,0.373359,0.161163,0.326171;v1,4286084634,4279242768,128.000000,1.000000,0.500000,1.000000,700,2,49160;;161;35;Button1->Start&#010;Button2->How to play;AR CHRISTY;0.093134,0.649767,0.057813,0.261799;v1,4278519045,4278321666,128.000000,1.000000,0.500000,1.000000,700,2,49152;;
textactive=1
